[ 20  20  20  20  20  20  20  20  20  20  20  20  20  20  20  20  20  20
  19  20  20  20  20  20  20  20  20  19  20  20  20  20  20  20  20  20
  20  20  20  20 112  21  21  21  21  22  22  22  23  23  24  24  24  28
  28  29  29  30  30  31  31  31  32  32  31  31  31  31  31  31  32  32
  32  32  32  32  33  33  33  33  33  33  33  33  33  34  34  33  33  33
  33  33  33  33  33  33  33  33  33  33  33  33  33  33  33  33  33  33
  33  33  33  33  33  33  33  33  33  33  33  33  33  33  33  33  33  33
  33  33  33  33  32  32  32  32  32  32  32  32  32  32  32  32  32  32
  32  32  32  32  31  31  31  31  31  31  34  34  34  34  34  34  34  34
  34  34  35  35  35  35  35  35  34  34  34  29  28  28  27  22  22  23
  20  20  20  20  20  20  20  20  21  22  22  22  27  28  22  22  22  32
  33  30  31  32  32  36  33  37  37  38  39  40  40  41  41  41  41  41
  41  41  41  41  38  38  39  39  39]
[21. 21. 21. 21. 21. 21. 21. 21. 21. 21. 21. 21. 21. 21. 21. 21. 21. 20.
 20. 20. 21. 21. 21. 21. 21. 21. 20. 20. 20. 21. 21. 21. 21. 21. 21. 21.
 21. 21. 21. 21. 21. 22. 22. 22. 22. 22. 23. 23. 23. 24. 24. 25. 25. 28.
 29. 29. 30. 30. 31. 31. 31. 32. 32. 32. 32. 32. 32. 32. 32. 32. 32. 33.
 33. 33. 33. 33. 33. 34. 34. 34. 34. 34. 34. 34. 34. 34. 34. 34. 34. 34.
 34. 34. 34. 34. 34. 34. 34. 34. 34. 34. 34. 34. 34. 34. 34. 34. 34. 34.
 34. 34. 34. 34. 34. 34. 34. 34. 34. 34. 34. 34. 34. 34. 34. 34. 34. 34.
 34. 34. 34. 33. 33. 33. 33. 33. 33. 33. 33. 33. 33. 33. 33. 33. 33. 33.
 33. 33. 33. 35. 32. 32. 32. 32. 32. 34. 34. 34. 34. 34. 34. 34. 34. 34.
 35. 35. 35. 35. 35. 35. 35. 35. 35. 34. 32. 29. 29. 28. 26. 23. 23. 23.
 21. 21. 21. 21. 21. 21. 21. 21. 22. 22. 23. 23. 26. 28. 29. 31. 32. 33.
 33. 33. 32. 32. 33. 36. 37. 37. 38. 39. 40. 40. 41. 41. 41. 41. 41. 41.
 41. 41. 41. 41. 39. 39. 39. 39. 39.]
[21. 21. 21. 21. 21. 21. 21. 21. 21. 21. 21. 21. 21. 21. 21. 21. 21. 20.
 20. 20. 21. 21. 21. 21. 21. 21. 20. 20. 20. 21. 21. 21. 21. 21. 21. 21.
 21. 21. 21. 21. 21. 22. 22. 22. 22. 22. 23. 23. 23. 24. 24. 25. 25. 28.
 29. 29. 30. 30. 31. 31. 31. 32. 32. 32. 32. 32. 32. 32. 32. 32. 32. 33.
 33. 33. 33. 33. 33. 34. 34. 34. 34. 34. 34. 34. 34. 34. 34. 34. 34. 34.
 34. 34. 34. 34. 34. 34. 34. 34. 34. 34. 34. 34. 34. 34. 34. 34. 34. 34.
 34. 34. 34. 34. 34. 34. 34. 34. 34. 34. 34. 34. 34. 34. 34. 34. 34. 34.
 34. 34. 34. 33. 33. 33. 33. 33. 33. 33. 33. 33. 33. 33. 33. 33. 33. 33.
 33. 33. 33. 35. 32. 32. 32. 32. 32. 34. 34. 34. 34. 34. 34. 34. 34. 34.
 35. 35. 35. 35. 35. 35. 35. 35. 35. 34. 32. 29. 29. 28. 26. 23. 23. 23.
 21. 21. 21. 21. 21. 21. 21. 21. 22. 22. 23. 23. 26. 28. 29. 31. 32. 33.
 33. 33. 32. 32. 33. 36. 37. 37. 38. 39. 40. 40. 41. 41. 41. 41. 41. 41.
 41. 41. 41. 41. 39. 39. 39. 39. 39.]
[ 98  98  98  98  98  99 100 100 100  99  99  98  97  97  96  96  96  97
  98  76 101 105 105 106 108 108 109 111 112 113 113 113 111 111 111 112
 112 113 113 112  21 112 112 113 113 112 112 114 114 116 119 120 121 134
 135 133 135 135 154 134 134 134 135 159 137 138 173  44 171 171 172 173
  44  44  44 132 133 133 136 148 140 142 142 144 145 144 143 143 142 143
  45 137 137 137 136  45  47 130  47 124  45  45 132 132 136  45  45  93
  93  95  95 108 108  95  95  94  45  99  45  94  95  45  89  89  86  45
  45  45  71  71  71 131 131  67  57  57  56  53  53  55  55  53  53  53
  53  54  83  83  43  43  95 148  48  47  47  46  50  57  65  70  83  83
  84 129  58 172  51  52  52  47  47 108  46  49  50 105  97  51  35  35
 107 106  32 153  32  32  32 150  33 102 102 102 166 166  38  39  40  47
  21  48  48  50  50  99  99  51  86  58  78  92  93  94  95  58  97  60
  61  66  63  63  64  64  51  51 127]
[ 98.  98.  98.  98.  98.  99. 100. 100. 100.  99.  99.  98.  97.  97.
  96.  96.  96.  97.  98. 101. 102. 104. 105. 106. 108. 109. 110. 111.
 112. 113. 113. 113. 112. 111. 111. 112. 112. 112. 112. 112. 112. 112.
 112. 112. 112. 112. 112. 113. 114. 116. 119. 120. 122. 126. 130. 133.
 135. 135. 135. 134. 134. 134. 135. 135. 137. 137. 137. 136. 136. 135.
 134. 134. 133. 133. 132. 132. 133. 133. 136. 138. 140. 141. 142. 144.
 144. 144. 143. 143. 143. 143. 140. 137. 137. 137. 136. 134. 131. 130.
 126. 124. 124. 124. 124. 123. 121. 117. 114. 110. 109. 109. 108. 108.
 108. 107. 104. 101.  99.  99.  97.  95.  95.  92.  89.  89.  86.  84.
  80.  77.  72.  71.  71.  68.  67.  63.  58.  57.  56.  53.  53.  54.
  54.  53.  53.  53.  54.  59.  64.  66.  68.  65.  62.  59.  57.  54.
  54.  55.  56.  56.  56.  55.  56.  58.  58.  58.  57.  54.  52.  52.
  52.  51.  51.  51.  51.  51.  51.  51.  51.  51.  51.  51.  51.  51.
  51.  51.  51.  51.  51.  51.  52.  52.  52.  51.  51.  48.  47.  47.
  47.  47.  48.  48.  48.  50.  50.  50.  50.  51.  51.  52.  52.  52.
  53.  55.  56.  58.  59.  60.  61.  62.  63.  63.  64.  64.  64.  64.
  64.]
[ 98.  98.  98.  98.  98.  99. 100. 100. 100.  99.  99.  98.  97.  97.
  96.  96.  96.  97.  98. 101. 102. 104. 105. 106. 108. 109. 110. 111.
 112. 113. 113. 113. 112. 111. 111. 112. 112. 112. 112. 112. 112. 112.
 112. 112. 112. 112. 112. 113. 114. 116. 119. 120. 122. 126. 130. 133.
 135. 135. 135. 134. 134. 134. 135. 135. 137. 137. 137. 136. 136. 135.
 134. 134. 133. 133. 132. 132. 133. 133. 136. 138. 140. 141. 142. 144.
 144. 144. 143. 143. 143. 143. 140. 137. 137. 137. 136. 134. 131. 130.
 126. 124. 124. 124. 124. 123. 121. 117. 114. 110. 109. 109. 108. 108.
 108. 107. 104. 101.  99.  99.  97.  95.  95.  92.  89.  89.  86.  84.
  80.  77.  72.  71.  71.  68.  67.  63.  58.  57.  56.  53.  53.  54.
  54.  53.  53.  53.  54.  59.  64.  66.  68.  65.  62.  59.  57.  54.
  54.  55.  56.  56.  56.  55.  56.  58.  58.  58.  57.  54.  52.  52.
  52.  51.  51.  51.  51.  51.  51.  51.  51.  51.  51.  51.  51.  51.
  51.  51.  51.  51.  51.  51.  52.  52.  52.  51.  51.  48.  47.  47.
  47.  47.  48.  48.  48.  50.  50.  50.  50.  51.  51.  52.  52.  52.
  53.  55.  56.  58.  59.  60.  61.  62.  63.  63.  64.  64.  64.  64.
  64.]
